image: to_diff_karto.pgm
resolution: 0.050000
origin: [-0.825004, -3.244875, 0.000000]
negate: 0
occupied_thresh: 0.65
free_thresh: 0.196

